  dTime p-p@dt=0 Derivative
  36.0000001008 30286.56015624851 14538.69860997442
  72.0000002016 42831.66314132512 21658.81711804832
  108.0000003024 52457.93932516873 26354.65273454693
  144.0000004032 60573.11775143445 30366.87286144331
  180.000000504 67722.80914304406 33918.85564554197
  216.0000006048 74186.72141777724 37137.17956621196
  252.0000007056001 80130.8990329504 40099.11323012437
  288.0000008064 85663.32333134115 42860.47701241956
  324.0000009072 90860.00538419187 45455.43196005368
  363.5339802117313 96243.44826829433 48148.48080349494
  407.8918345634073 1.019466027990356E+5         51001.27170143866
  457.6621657392263 1.079869250626415E+5         54023.48400783348
  513.5053957952157 1.143859696938396E+5         57224.36804181348
  576.1625304658658 1.211633227435499E+5         60615.34602272035
  646.4649918600186 1.283431689096987E+5         64206.79697922149
  725.3456509271094 1.35947484102875E+5         68011.53685193416
  813.8512060878867 1.440034040003866E+5         72041.21110214994
  913.1560722865191 1.525355859793797E+5         76310.19945251002
  1024.577964763372 1.615744767706618E+5         80831.56832638921
  1149.59538433565 1.711477424065471E+5         85621.45203729134
  1289.867236204958 1.812895446808189E+5         90694.51135262454
  1447.254842621432 1.920309253922403E+5         96068.84927024689
  1623.846641499131 2.034102147038952E+5         1.017609154419659E+5        
  1821.985898718289 2.154622420868501E+5         1.077910217651793E+5        
  2044.301801839868 2.28230014691405E+5         1.141776250524992E+5        
  2293.744347827088 2.417526118267849E+5         1.209435156280247E+5        
  2573.623487712814 2.560782883093432E+5         1.281094023767518E+5        
  2887.653047638759 2.712508918452933E+5         1.357008564626291E+5        
  3240.000009071995 2.873245652290806E+5         1.437411136367639E+5        
  3635.339802117306 3.043485063963309E+5         1.522588652165503E+5        
  4078.918345634065 3.223834645614624E+5         1.612801821425088E+5        
  4576.621657392255 3.414846407160015E+5         1.708372566032945E+5        
  5135.053957952147 3.617201965997368E+5         1.809593406763646E+5        
  5761.625304658647 3.831520687439442E+5         1.916825545910746E+5        
  6464.649918600173 4.058567358785793E+5         2.030397197181924E+5        
  7253.45650927108 4.29903691934824E+5         2.150713636204232E+5        
  8138.512060878851 4.553787474588081E+5         2.278143124796083E+5        
  9131.560722865175 4.823598759234473E+5         2.413140389714037E+5        
  10245.7796476337 5.109433583453819E+5         2.556118627540992E+5        
  11495.95384335648 5.412166824004501E+5         2.707588050074797E+5        
  12898.67236204956 5.732878771660924E+5         2.868012271497325E+5        
  14472.5484262143 6.072551054291874E+5         3.037963758859345E+5        
  16238.46641499128 6.432395778081492E+5         3.217962695789605E+5        
  18219.85898718286 6.813514347605482E+5         3.408651400980329E+5        
  20443.01801839864 7.217266768392547E+5         3.610613529824585E+5        
  22937.44347827083 7.64488883663915E+5         3.82456977670154E+5        
  25736.23487712809 8.0979065038874E+5         4.051175011971636E+5        
  28876.53047638754 8.577706355806738E+5         4.291237875803995E+5        
  32400.00009071989 9.086000540219173E+5         4.545493136236773E+5        
  36353.398021173 9.624344829387292E+5         4.814848149764022E+5        
  40789.18345634059 1.019466029768683E+6         5.10012731489287E+5        
  45766.21657392248 1.07986925421517E+6         5.402348913962634E+5        
  51350.53957952139 1.143859710533112E+6         5.722437930252351E+5        
  57616.25304658638 1.211633256952997E+6         6.061537558147884E+5        
  64646.49918600164 1.283431770753261E+6         6.420685945164088E+5        
  72534.56509271068 1.359475014394309E+6         6.801166993669343E+5        
  81385.12060878838 1.440034428099122E+6         7.204146959249863E+5        
  91315.6072286516 1.52535662835538E+6         7.631066353445288E+5        
  1.024577964763369E+5         1.615746224390037E+6         8.083236767207043E+5        
  1.149595384335646E+5         1.711480033188503E+6         8.562266753472637E+5        
  1.289867236204954E+5         1.812899702277884E+6         9.069628300413051E+5        
  1.447254842621428E+5         1.920315942423783E+6         9.607103219538233E+5        
  1.623846641499125E+5         2.034111428879522E+6         1.017632740256064E+6        
  1.821985898718283E+5         2.154634540209413E+6         1.07792729451911E+6        
  2.044301801839861E+5         2.282313360848632E+6         1.141773389544352E+6        
  2.29374434782708E+5         2.417537578843623E+6         1.209394467444172E+6        
  2.573623487712805E+5         2.560786728077274E+6         1.280988626352609E+6        
  2.887653047638749E+5         2.712496110377066E+6         1.356819500746565E+6        
  3.240000009071983E+5         2.87320596370754E+6         1.437117215753025E+6        
  3.635339802117293E+5         3.043404578164868E+6         1.522193448139595E+6        
  4.078918345634051E+5         3.223703957941484E+6         1.612332238175817E+6        
  4.576621657392239E+5         3.414657795822606E+6         1.707865161915273E+6        
  5.135053957952131E+5         3.61695444420848E+6         1.809136628834632E+6        
  5.761625304658628E+5         3.831226899097018E+6         1.916407348018294E+6        
  6.464649918600153E+5         4.058223543373596E+6         2.030034127397658E+6        
  7.253456509271056E+5         4.298659531098519E+6         2.150064016062245E+6        
  8.138512060878825E+5         4.553294078610379E+6         2.276749521221562E+6        
  9.131560722865146E+5         4.822900481903129E+6         2.409775509962039E+6        
  1.024577964763367E+6         5.108165395280451E+6         2.549115767541131E+6        
  1.149595384335644E+6         5.409856078568757E+6         2.694041469625818E+6        
  1.289867236204951E+6         5.728491368067268E+6         2.844135511262695E+6        
  1.447254842621425E+6         6.064742481637605E+6         2.998289804975291E+6        
  1.623846641499122E+6         6.418873109008484E+6         3.155624820056743E+6        
  1.82198589871828E+6         6.791351948612072E+6         3.314882273344236E+6        
  2.044301801839858E+6         7.182152959771749E+6         3.474961092800253E+6        
  2.293744347827076E+6         7.591491309713684E+6         3.634435879108943E+6        
  2.5736234877128E+6         8.019012747439642E+6         3.791735580703657E+6        
  2.887653047638744E+6         8.46457069218402E+6         3.946079407583793E+6        
  3.240000009071978E+6         8.927631109406963E+6         4.09663755464953E+6        
  3.635339802117287E+6         9.407856348657578E+6         4.242220993074325E+6        
  4.078918345634044E+6         9.904438591390897E+6         4.381364848533015E+6        
  4.576621657392232E+6         1.04167028873776E+7         4.513896648702044E+6        
  5.135053957952121E+6         1.094380170485261E+7         4.639344914981907E+6        
  5.761625304658618E+6         1.148495153162711E+7         4.757483904432558E+6        
  6.464649918600142E+6         1.203925285670316E+7         4.867560094122848E+6        
  7.253456509271044E+6         1.260574866282511E+7         4.970644260506329E+6        
  8.138512060878811E+6         1.318378599438498E+7         5.068834054809418E+6        
  9.131560722865129E+6         1.377289083617157E+7         5.159021428364707E+6        
  1.024577964763365E+7         1.437169457792392E+7         5.235697465385486E+6        
  1.149595384335643E+7         1.497845472969391E+7         5.306139486151476E+6        
  1.289867236204949E+7         1.559347834613987E+7         5.380503918659009E+6        
  1.447254842621422E+7         1.621736154128393E+7         5.449091215861638E+6        
  1.623846641499119E+7         1.684817796654065E+7         5.499580126931432E+6        
  1.821985898718277E+7         1.748368666308379E+7         5.543334722534376E+6        
  2.044301801839854E+7         1.812457795629904E+7         5.592805356263421E+6        
  2.293744347827072E+7         1.877147768721873E+7         5.640068172457773E+6        
  2.573623487712796E+7         1.942325164603619E+7         5.677775241944589E+6        
  2.88765304763874E+7         2.007883375056596E+7         5.710221476951911E+6        
  3.240000009071973E+7         2.073807873108858E+7         5.740731660033639E+6        
  3.635339802117282E+7         2.14006860648932E+7         5.768539273519314E+6        
  4.078918345634038E+7         2.206633398504421E+7         5.793428122158037E+6        
  4.576621657392225E+7         2.273467218803456E+7         5.815784949936546E+6        
  5.076621657392224E+7         2.333867799322733E+7         5.833784361614278E+6        
  5.576621657392225E+7         2.388743618966933E+7         5.848395701255205E+6        
  6.076621657392225E+7         2.439022439200594E+7         5.861065365698082E+6        
  6.576621657392225E+7         2.48541543781494E+7         5.871861149676139E+6        
  7.076621657392225E+7         2.528478849204294E+7         5.881161877645292E+6        
  7.576621657392225E+7         2.568660139460913E+7         5.889199328544481E+6        
  8.076621657392225E+7         2.606321015938852E+7         5.896277589833292E+6        
  8.576621657392225E+7         2.641758101396488E+7         5.902538963160743E+6        
  9.076621657392225E+7         2.675219912952733E+7         5.908111025325879E+6        
  9.576621657392225E+7         2.706915380076671E+7         5.913028865819125E+6        
  1.007662165739223E+8         2.737021657657306E+7         5.917559596948148E+6        
  1.057662165739223E+8         2.765690087808491E+7         5.921543946930189E+6        
  1.107662165739223E+8         2.79305172516125E+7         5.925288442637028E+6        
  1.157662165739223E+8         2.819220893686787E+7         5.928702414665675E+6        
  1.207662165739223E+8         2.844297221622614E+7         5.931825373308467E+6        
  1.257662165739223E+8         2.868368328999582E+7         5.934711285459583E+6        
  1.307662165739223E+8         2.89151160982249E+7         5.937375814123447E+6        
  1.357662165739223E+8         2.913795583342781E+7         5.93984653164929E+6        
  1.407662165739223E+8         2.935282169467074E+7         5.94214015281051E+6        
  1.457662165739223E+8         2.95602648243067E+7         5.94424112603809E+6        
  1.507662165739223E+8         2.976078104234766E+7         5.946246666090757E+6        
  1.557662165739223E+8         2.995481801936602E+7         5.948123207528703E+6        
  1.607662165739223E+8         3.014278132241813E+7         5.949836340599462E+6        
  1.657662165739223E+8         3.03250382130428E+7         5.951490880896748E+6        
  1.707662165739223E+8         3.050192437807445E+7         5.953049282495519E+6        
  1.757662165739223E+8         3.067374904877944E+7         5.954517939642456E+6        
  1.807662165739223E+8         3.084079391346684E+7         5.955904365844462E+6        
  1.857662165739223E+8         3.100331775146931E+7         5.957220940213381E+6        
  1.907662165739223E+8         3.116155885407493E+7         5.958440957283732E+6        
  1.957662165739223E+8         3.131573713368003E+7         5.959625500346721E+6        
  2.007662165739223E+8         3.146605596816028E+7         5.960736116696422E+6        
  2.057662165739223E+8         3.161270381939196E+7         5.961820055266579E+6        
  2.107662165739223E+8         3.175585377364165E+7         5.962798265530183E+6        
  2.157662165739223E+8         3.189567051087284E+7         5.96378569473497E+6        
  2.207662165739223E+8         3.203230586985335E+7         5.964700285929914E+6        
  2.307662165739223E+8         3.22965895511895E+7         5.966433198228357E+6        
  2.407662165739223E+8         3.254973110948093E+7         5.968029442480432E+6        
  2.507662165739223E+8         3.27926321202535E+7         5.96947983870573E+6        
  2.607662165739222E+8         3.302608852067221E+7         5.970835048260762E+6        
  2.707662165739222E+8         3.325080539895263E+7         5.97209093368456E+6        
  2.807662165739221E+8         3.346741560236441E+7         5.973256055168446E+6        
  2.90766216573922E+8         3.367648379713207E+7         5.974322306265271E+6        
  3.00766216573922E+8         3.387851758760386E+7         5.975340157249203E+6        
  3.10766216573922E+8         3.4073974958966E+7         5.976292076117898E+6        
  3.207662165739219E+8         3.426327054425437E+7         5.977160367465434E+6        
  3.307662165739219E+8         3.444678024021786E+7         5.977998924523036E+6        
  3.407662165739218E+8         3.462484696163979E+7         5.978788439248729E+6        
  3.507662165739217E+8         3.479778521570352E+7         5.97953218213308E+6        
  3.607662165739217E+8         3.496588219334173E+7         5.980234008665687E+6        
  3.707662165739217E+8         3.512940160222156E+7         5.980900308012093E+6        
  3.807662165739216E+8         3.52885861603703E+7         5.981517309373442E+6        
  3.907662165739215E+8         3.544365976724818E+7         5.982116433022632E+6        
  4.007662165739215E+8         3.559482940108733E+7         5.982681563805783E+6        
  4.107662165739214E+8         3.574228678290495E+7         5.983228643401689E+6        
  4.207662165739214E+8         3.588620884645755E+7         5.983727349246057E+6        
  4.307662165739214E+8         3.602676206681944E+7         5.984215434288655E+6        
  4.407662165739213E+8         3.61641006063568E+7         5.984680880235337E+6        
  4.557662165739212E+8         3.636439280659358E+7         5.98534750359565E+6        
  4.707662165739211E+8         3.655821955944987E+7         5.985967155935032E+6        
  4.857662165739211E+8         3.674598525571443E+7         5.986547847686893E+6        
  5.007662165739211E+8         3.692805747651299E+7         5.987093198017136E+6        
  5.15766216573921E+8         3.710477133102847E+7         5.987610746474079E+6        
  5.307662165739209E+8         3.727643231259054E+7         5.988099417127722E+6        
  5.457662165739209E+8         3.744332206669412E+7         5.988560868921799E+6        
  5.607662165739207E+8         3.760569879474022E+7         5.988997197327043E+6        
  5.757662165739207E+8         3.77638001810829E+7         5.989403954823914E+6        
  5.907662165739206E+8         3.791784560645897E+7         5.989795162244512E+6        
  6.057662165739205E+8         3.80680379809526E+7         5.990176955905722E+6        
  6.207662165739205E+8         3.821456535305995E+7         5.990530273785273E+6        
  6.357662165739204E+8         3.835760232689748E+7         5.990858932487799E+6        
  6.507662165739204E+8         3.849731131437086E+7         5.991180858081554E+6        
  6.707662165739203E+8         3.867867239365361E+7         5.991594475813289E+6        
  6.907662165739201E+8         3.885471618379159E+7         5.991976557723395E+6        
  7.107662165739201E+8         3.902574566826983E+7         5.992337807467546E+6        
  7.307662165739199E+8         3.919203861424872E+7         5.992679823325185E+6        
  7.507662165739198E+8         3.93538503220203E+7         5.993006333536514E+6        
  7.707662165739198E+8         3.951141598501733E+7         5.993308759292028E+6        
  7.907662165739197E+8         3.966495274780534E+7         5.993601218030497E+6        
  8.107662165739194E+8         3.981466150728782E+7         5.993879433621675E+6        
  8.307662165739194E+8         3.99607282153898E+7         5.994147172563058E+6        
  8.507662165739193E+8         4.010332588694294E+7         5.994393198939186E+6        
  8.707662165739193E+8         4.024261572658755E+7         5.994633566439438E+6        
  8.957662165739191E+8         4.041230393823835E+7         5.9949189069904E+6        
  9.207662165739189E+8         4.057732858346036E+7         5.995196210471131E+6        
  9.457662165739189E+8         4.073793916294024E+7         5.995457978288482E+6        
  9.707662165739194E+8         4.089436567063344E+7         5.995706493108874E+6        
  9.957662165739198E+8         4.104682057604153E+7         0

