  dTime p-p@dt=0 Derivative
  36.0000001008 30286.56015624851 14538.69860997442
  72.0000002016 42831.66314132512 21658.81711804832
  108.0000003024 52457.93932516873 26354.65273454693
  144.0000004032 60573.11775143445 30366.87286144331
  180.000000504 67722.80914304406 33918.85564554197
  216.0000006048 74186.72141777724 37137.17956621196
  252.0000007056001 80130.8990329504 40099.11323012437
  288.0000008064 85663.32333134115 42860.47701241956
  324.0000009072 90860.00538419187 45455.43196005368
  363.5339802117313 96243.44826829433 48148.48080349494
  407.8918345634073 1.019466027990356E+5         51001.27170143866
  457.6621657392263 1.079869250626415E+5         54023.48400783348
  513.5053957952157 1.143859696938396E+5         57224.36804181348
  576.1625304658658 1.211633227435499E+5         60615.34602272035
  646.4649918600186 1.283431689096987E+5         64206.79697922149
  725.3456509271094 1.35947484102875E+5         68011.53685193416
  813.8512060878867 1.440034040003866E+5         72041.21110214994
  913.1560722865191 1.525355859793797E+5         76310.19945251002
  1024.577964763372 1.615744767706618E+5         80831.56832629214
  1149.59538433565 1.711477424065247E+5         85621.45203735607
  1289.867236204958 1.812895446808338E+5         90694.51135204213
  1447.254842621432 1.920309253920838E+5         96068.84927183243
  1623.846641499131 2.034102147042751E+5         1.017609154393126E+5        
  1821.985898718289 2.154622420860827E+5         1.077910217891238E+5        
  2044.301801839868 2.282300146972984E+5         1.141776250737257E+5        
  2293.744347827088 2.417526118309051E+5         1.209435158973035E+5        
  2573.623487712814 2.560782883772403E+5         1.281094028784865E+5        
  2887.653047638759 2.712508919649422E+5         1.357008587647654E+5        
  3240.000009071995 2.873245658270642E+5         1.437411186237281E+5        
  3635.339802117306 3.043485076642707E+5         1.522588804578201E+5        
  4078.918345634065 3.223834686688781E+5         1.612802152888764E+5        
  4576.621657392255 3.414846496161744E+5         1.708373354532483E+5        
  5135.053957952147 3.617202188630253E+5         1.80959502030109E+5        
  5761.625304658647 3.831521147971898E+5         1.916828727154204E+5        
  6464.649918600173 4.058568313927054E+5         2.030403085785095E+5        
  7253.45650927108 4.299038735781685E+5         2.150723481102315E+5        
  8138.512060878851 4.553790696600899E+5         2.278159009262685E+5        
  9131.560722865175 4.823604233201519E+5         2.41316265541126E+5        
  10245.7796476337 5.109441932332888E+5         2.556147936400874E+5        
  11495.95384335648 5.412179046585932E+5         2.707619306177201E+5        
  12898.67236204956 5.732894317523539E+5         2.868037085344233E+5        
  14472.5484262143 6.072568990472704E+5         3.037965317490061E+5        
  16238.46641499128 6.432411682832092E+5         3.217914336632169E+5        
  18219.85898718286 6.813521148678809E+5         3.4085257539051E+5        
  20443.01801839864 7.217253741834909E+5         3.610372408670067E+5        
  22937.44347827083 7.644840117514879E+5         3.824196527354016E+5        
  25736.23487712809 8.097807533491403E+5         4.050661995493179E+5        
  28876.53047638754 8.57753951027289E+5         4.290611563544982E+5        
  32400.00009071989 9.085757356096059E+5         4.544830636929406E+5        
  36353.398021173 9.624025437750518E+5         4.814195930101648E+5        
  40789.18345634059 1.019426693443652E+6         5.099602434438792E+5        
  45766.21657392248 1.079825229232401E+6         5.401808339841923E+5        
  51350.53957952139 1.143807927028962E+6         5.721716034152219E+5        
  57616.25304658638 1.21157260969824E+6         6.059770576104218E+5        
  64646.49918600164 1.283339300983977E+6         6.416699342642863E+5        
  72534.56509271068 1.359322572224181E+6         6.792472229040305E+5        
  81385.12060878838 1.439741753975619E+6         7.187412141620291E+5        
  91315.6072286516 1.524818852769174E+6         7.601029536042867E+5        
  1.024577964763369E+5         1.614761926986616E+6         8.033155931188123E+5        
  1.149595384335646E+5         1.709789103737678E+6         8.482976191109275E+5        
  1.289867236204954E+5         1.810089672205333E+6         8.949846519070669E+5        
  1.447254842621428E+5         1.915866935531646E+6         9.432934091137067E+5        
  1.623846641499125E+5         2.027291006419808E+6         9.931466360779136E+5        
  1.821985898718283E+5         2.144547399470665E+6         1.044458375904604E+6        
  2.044301801839861E+5         2.267786435080878E+6         1.097092172992138E+6        
  2.29374434782708E+5         2.397162207787879E+6         1.15111107311233E+6        
  2.573623487712805E+5         2.532839554813761E+6         1.206583345508663E+6        
  2.887653047638749E+5         2.674988290270191E+6         1.263418018014634E+6        
  3.240000009071983E+5         2.823752304263819E+6         1.321452763204996E+6        
  3.635339802117293E+5         2.979264033635352E+6         1.380905969941779E+6        
  4.078918345634051E+5         3.141717654385261E+6         1.44192371650456E+6        
  4.576621657392239E+5         3.31127923912115E+6         1.504665094177817E+6        
  5.135053957952131E+5         3.488179595965494E+6         1.569274536011382E+6        
  5.761625304658628E+5         3.672618054464646E+6         1.635937019354152E+6        
  6.464649918600153E+5         3.86486801534969E+6         1.704922167875965E+6        
  7.253456509271056E+5         4.065190891311273E+6         1.776147266080396E+6        
  8.138512060878825E+5         4.273841037133575E+6         1.849143974884983E+6        
  9.131560722865146E+5         4.490972026448265E+6         1.925163847675649E+6        
  1.024577964763367E+6         4.717126394856475E+6         2.005832076334767E+6        
  1.149595384335644E+6         4.952831930250038E+6         2.090149301903794E+6        
  1.289867236204951E+6         5.198401057326034E+6         2.176916379196066E+6        
  1.447254842621425E+6         5.454085450593181E+6         2.267503168266256E+6        
  1.623846641499122E+6         5.720512956682701E+6         2.363208287892652E+6        
  1.82198589871828E+6         5.998234268127341E+6         2.463851193063239E+6        
  2.044301801839858E+6         6.287835659533002E+6         2.569512583453157E+6        
  2.293744347827076E+6         6.589886405219324E+6         2.680265523940144E+6        
  2.5736234877128E+6         6.904989603602044E+6         2.796327203502237E+6        
  2.887653047638744E+6         7.233764538611122E+6         2.91739321244581E+6        
  3.240000009071978E+6         7.576744215740018E+6         3.043423550222362E+6        
  3.635339802117287E+6         7.934538708452024E+6         3.173732553486637E+6        
  4.078918345634044E+6         8.307523142420843E+6         3.307904674727515E+6        
  4.576621657392232E+6         8.696211907759313E+6         3.444951753807489E+6        
  5.135053957952121E+6         9.100752597860925E+6         3.584064867556194E+6        
  5.761625304658618E+6         9.52147334139517E+6         3.724161188874794E+6        
  6.464649918600142E+6         9.958272401601933E+6         3.864281513858725E+6        
  7.253456509271044E+6         1.041125704228953E+7         4.003195416429285E+6        
  8.138512060878811E+6         1.088004221062315E+7         4.139461774607537E+6        
  9.131560722865129E+6         1.136440333981252E+7         4.272639463808644E+6        
  1.024577964763365E+7         1.186385380433353E+7         4.402342603004032E+6        
  1.149595384335643E+7         1.237808018500549E+7         4.527279950770824E+6        
  1.289867236204949E+7         1.29062985369791E+7         4.645826564415716E+6        
  1.447254842621422E+7         1.344782128419143E+7         4.758249198637148E+6        
  1.623846641499119E+7         1.400192590433237E+7         4.86450410912595E+6        
  1.821985898718277E+7         1.456791474883959E+7         4.964427584065964E+6        
  2.044301801839854E+7         1.514502759936425E+7         5.057558253311769E+6        
  2.293744347827072E+7         1.573246057294206E+7         5.144624849636837E+6        
  2.573623487712796E+7         1.632962124814631E+7         5.227340475864118E+6        
  2.88765304763874E+7         1.693610019851498E+7         5.302824238317014E+6        
  3.240000009071973E+7         1.755064165233793E+7         5.365551706653849E+6        
  3.635339802117282E+7         1.817156413605797E+7         5.423295894744189E+6        
  4.078918345634038E+7         1.879940168055131E+7         5.486971833587366E+6        
  4.576621657392225E+7         1.943498609102762E+7         5.546469690508107E+6        
  5.076621657392224E+7         2.001248550020805E+7         5.585586441915978E+6        
  5.576621657392225E+7         2.053848138702241E+7         5.615117040803516E+6        
  6.076621657392225E+7         2.102172680243706E+7         5.643149603992129E+6        
  6.576621657392225E+7         2.14689296051819E+7         5.669168140722376E+6        
  7.076621657392225E+7         2.18853341621214E+7         5.692653658176798E+6        
  7.576621657392225E+7         2.227477642917188E+7         5.7132654769483E+6        
  8.076621657392225E+7         2.264052393794362E+7         5.730754642174264E+6        
  8.576621657392225E+7         2.29852471589356E+7         5.74617084836085E+6        
  9.076621657392225E+7         2.33112473255573E+7         5.759859170991532E+6        
  9.576621657392225E+7         2.362046403590176E+7         5.771993943624794E+6        
  1.007662165739223E+8         2.391454002278832E+7         5.783202131298166E+6        
  1.057662165739223E+8         2.41948773793859E+7         5.793079403414828E+6        
  1.107662165739223E+8         2.446270123976314E+7         5.802370096312014E+6        
  1.157662165739223E+8         2.471909036547707E+7         5.810855842742257E+6        
  1.207662165739223E+8         2.496498168822988E+7         5.818638080627663E+6        
  1.257662165739223E+8         2.520120102784275E+7         5.825843582871709E+6        
  1.307662165739223E+8         2.542847837767944E+7         5.832507928570472E+6        
  1.357662165739223E+8         2.564745820139008E+7         5.838696653518371E+6        
  1.407662165739223E+8         2.585873364442544E+7         5.844450779585451E+6        
  1.457662165739223E+8         2.606282880417097E+7         5.849732200449924E+6        
  1.507662165739223E+8         2.626021586180124E+7         5.854773168321722E+6        
  1.557662165739223E+8         2.645132173828499E+7         5.859495515529926E+6        
  1.607662165739223E+8         2.663653371480921E+7         5.863816858569155E+6        
  1.657662165739223E+8         2.681620117754595E+7         5.867989728671908E+6        
  1.707662165739223E+8         2.699064508337407E+7         5.871923859229563E+6        
  1.757662165739223E+8         2.716016459944595E+7         5.875635178016889E+6        
  1.807662165739223E+8         2.732503028967159E+7         5.879142041342869E+6        
  1.857662165739223E+8         2.748549094668732E+7         5.882473796370331E+6        
  1.907662165739223E+8         2.76417758718563E+7         5.885566000230498E+6        
  1.957662165739223E+8         2.779409686393894E+7         5.888567744020784E+6        
  2.007662165739223E+8         2.794264996004368E+7         5.891384946305589E+6        
  2.057662165739223E+8         2.808761696503067E+7         5.894135100012242E+6        
  2.107662165739223E+8         2.822916238041408E+7         5.896622140686226E+6        
  2.157662165739223E+8         2.836744798596341E+7         5.899130667357856E+6        
  2.207662165739223E+8         2.850262088316222E+7         5.901456621242118E+6        
  2.307662165739223E+8         2.876416812547993E+7         5.905867020021171E+6        
  2.407662165739223E+8         2.901479881730235E+7         5.909931828917809E+6        
  2.507662165739223E+8         2.925538776723995E+7         5.913630086149305E+6        
  2.607662165739222E+8         2.948670758333385E+7         5.91708765573981E+6        
  2.707662165739222E+8         2.970944137413861E+7         5.920294320520888E+6        
  2.807662165739221E+8         2.992420872163454E+7         5.923271709832111E+6        
  2.90766216573922E+8         3.013156006282182E+7         5.925999375001439E+6        
  3.00766216573922E+8         3.03319905775403E+7         5.928603034300146E+6        
  3.10766216573922E+8         3.052594735586236E+7         5.931039576174203E+6        
  3.207662165739219E+8         3.071383543867678E+7         5.9332648570089E+6        
  3.307662165739219E+8         3.089602125305218E+7         5.935413749045151E+6        
  3.407662165739218E+8         3.10728399845514E+7         5.937437984664828E+6        
  3.507662165739217E+8         3.124460103670412E+7         5.939345889906137E+6        
  3.607662165739217E+8         3.141158580503248E+7         5.941147182245361E+6        
  3.707662165739217E+8         3.157405279788742E+7         5.942857721598672E+6        
  3.807662165739216E+8         3.173224005591676E+7         5.944443020756664E+6        
  3.907662165739215E+8         3.188636725977883E+7         5.945982227289083E+6        
  4.007662165739215E+8         3.20366375731265E+7         5.947434777239657E+6        
  4.107662165739214E+8         3.218323925980898E+7         5.948841274216173E+6        
  4.207662165739214E+8         3.232634465294191E+7         5.950124635711263E+6        
  4.307662165739214E+8         3.246611890726472E+7         5.951380431262611E+6        
  4.407662165739213E+8         3.260271371033008E+7         5.952578418546137E+6        
  4.557662165739212E+8         3.280195135687868E+7         5.954294911539577E+6        
  4.707662165739211E+8         3.299479064996798E+7         5.955890796441693E+6        
  4.857662165739211E+8         3.318162979404765E+7         5.957386981130255E+6        
  5.007662165739211E+8         3.336283089520156E+7         5.958792678768269E+6        
  5.15766216573921E+8         3.353872420043847E+7         5.960127051248143E+6        
  5.307662165739209E+8         3.370960958422618E+7         5.961387350776843E+6        
  5.457662165739209E+8         3.387576608707873E+7         5.962577851148953E+6        
  5.607662165739207E+8         3.403744872751681E+7         5.963703903235784E+6        
  5.757662165739207E+8         3.419489216412129E+7         5.96475412234393E+6        
  5.907662165739206E+8         3.43483130454188E+7         5.965764226475882E+6        
  6.057662165739205E+8         3.449791180837537E+7         5.966749913302254E+6        
  6.207662165739205E+8         3.464387425773253E+7         5.967662647290384E+6        
  6.357662165739204E+8         3.478637295748419E+7         5.968512117997953E+6        
  6.507662165739204E+8         3.492556846069729E+7         5.969344078680741E+6        
  6.707662165739203E+8         3.510627934857946E+7         5.97041309923189E+6        
  6.907662165739201E+8         3.528171049511121E+7         5.97140111230249E+6        
  7.107662165739201E+8         3.545216180350676E+7         5.972335447019882E+6        
  7.307662165739199E+8         3.5617908238102E+7         5.973220208533459E+6        
  7.507662165739198E+8         3.577920258201348E+7         5.974064905787001E+6        
  7.707662165739198E+8         3.593627776196773E+7         5.974847670324659E+6        
  7.907662165739197E+8         3.608934887618331E+7         5.97560462666744E+6        
  8.107662165739194E+8         3.623861496970208E+7         5.976324847134756E+6        
  8.307662165739194E+8         3.63842598862932E+7         5.977018090279242E+6        
  8.507662165739193E+8         3.65264551989923E+7         5.977655373244535E+6        
  8.707662165739193E+8         3.666536115875132E+7         5.978277959281215E+6        
  8.957662165739191E+8         3.68345936441614E+7         5.979017171241049E+6        
  9.207662165739189E+8         3.699918734658705E+7         5.979735602565331E+6        
  9.457662165739189E+8         3.715938980990999E+7         5.980413802916108E+6        
  9.707662165739194E+8         3.731542926461819E+7         5.981057771387289E+6        
  9.957662165739198E+8         3.74675165870053E+7         0

