 	dTime	p-p@dt=0	Derivative
 	36.0000001008	48945.62665100396	8258.136699426812
 	72.0000002016	55661.33307040483	11119.29599524484
 	108.0000003024	60509.12719872594	12947.07962422247
 	144.0000004032	64436.03597579897	14413.62065104164
 	180.000000504	67784.4835023582	15635.41954225011
 	216.0000006048001	70728.95040433854	16691.32130203661
 	252.0000007056001	73372.49946982414	17629.63523571002
 	288.0000008064	75782.19006595016	18481.64351719412
 	324.0000009072	78004.28718034923	19265.50550459218
 	363.5339802117313	80267.26666947454	20065.40295801063
 	407.8918345634073	82624.51695395261	20901.40264124347
 	457.6621657392263	85079.9924839139	21776.8335184126
 	513.5053957952157	87638.8181771636	22695.2854681272
 	576.1625304658658	90305.7750839293	23659.76019766675
 	646.4649918600186	93086.67929065971	24673.99241048221
 	725.3456509271094	95987.17179483175	25739.20847584056
 	813.8512060878867	99013.35106485339	26857.85553485573
 	913.1560722865191	1.021714215732664E+5        	28028.42935128755
 	1024.577964763372	1.054671354252845E+5        	29250.93973478547
 	1149.59538433565	1.089066993522048E+5        	30520.63569124292
 	1289.867236204958	1.124947715024203E+5        	31834.25271763876
 	1447.254842621432	1.162368069276288E+5        	33183.99577983908
 	1623.846641499131	1.201356689032838E+5        	34563.13083344681
 	1821.985898718289	1.241952619100586E+5        	35961.874822411
 	2044.301801839868	1.284161965915039E+5        	37370.84798924586
 	2293.744347827088	1.32800217659317E+5        	38779.73340187157
 	2573.623487712814	1.373455601956472E+5        	40177.88055912888
 	2887.653047638759	1.420515165436715E+5        	41555.98911453183
 	3240.000009071994	1.469141803016216E+5        	42904.2586218683
 	3635.339802117306	1.51930587176539E+5        	44214.47658619367
 	4078.918345634065	1.570949397698119E+5        	45476.79947520162
 	4576.621657392255	1.624020072314069E+5        	46686.91011562554
 	5135.053957952147	1.678449980968311E+5        	47839.31697553696
 	5761.625304658647	1.734174170440957E+5        	48931.87233002253
 	6464.649918600174	1.791119780767709E+5        	49962.14394841553
 	7253.45650927108	1.849216258310601E+5        	50928.16662511188
 	8138.512060878851	1.908386218052208E+5        	51826.10862883568
 	9131.560722865175	1.968550283467248E+5        	52658.63063615669
 	10245.7796476337	2.029637195972502E+5        	53427.54542425463
 	11495.95384335648	2.091571753116399E+5        	54136.72712487744
 	12898.67236204956	2.154291616833732E+5        	54791.63998313381
 	14472.5484262143	2.217734166562259E+5        	55391.76081254042
 	16238.46641499128	2.281835859555379E+5        	55933.79300743064
 	18219.85898718286	2.346526484535784E+5        	56425.0751677962
 	20443.01801839864	2.411759396507815E+5        	56874.61845674281
 	22937.44347827083	2.477485133164004E+5        	57284.06127884344
 	25736.23487712809	2.543660822074637E+5        	57654.12634004699
 	28876.53047638754	2.610238665024191E+5        	57989.71909363877
 	32400.00009071989	2.677187084806562E+5        	58296.21601317418
 	36353.398021173	2.744470662994087E+5        	58576.80081195576
 	40789.18345634059	2.812065153151453E+5        	58835.12526579392
 	45766.21657392248	2.879943545375541E+5        	59073.46023077219
 	51350.53957952139	2.948086822070405E+5        	59296.62593256654
 	57616.25304658638	3.016479072312713E+5        	59500.64662943203
 	64646.49918600164	3.085092124022842E+5        	59684.05909827421
 	72534.56509271068	3.153906697081775E+5        	59837.79080278329
 	81385.12060878838	3.222873729123027E+5        	59954.02157879187
 	91315.6072286516	3.291955933434144E+5        	60021.6871141221
 	1.024577964763369E+5        	3.361078771128357E+5        	60023.45016610392
 	1.149595384335646E+5        	3.430165035016686E+5        	59964.70612944764
 	1.289867236204954E+5        	3.499152609567791E+5        	59834.69474868841
 	1.447254842621428E+5        	3.567939511188865E+5        	59676.56889361462
 	1.623846641499125E+5        	3.63656298750326E+5        	59510.59663224693
 	1.821985898718283E+5        	3.704967723869458E+5        	59430.00999901834
 	2.044301801839861E+5        	3.773405642603487E+5        	59506.17627100655
 	2.29374434782708E+5        	3.841985758292154E+5        	59876.73936613898
 	2.573623487712805E+5        	3.911276930085048E+5        	60668.49195789391
 	2.887653047638749E+5        	3.981680123488829E+5        	62036.2871481738
 	3.240000009071983E+5        	4.054120760097131E+5        	64138.45303229599
 	3.635339802117294E+5        	4.129364369328693E+5        	67116.24393013143
 	4.078918345634051E+5        	4.208661622868404E+5        	71120.24892478997
 	4.57662165739224E+5        	4.293124794312939E+5        	76248.01372136897
 	5.076621657392239E+5        	4.374875729758516E+5        	82101.83886092935
 	5.576621657392239E+5        	4.454477126498371E+5        	88499.98630913663
 	6.076621657392239E+5        	4.532650367280543E+5        	94858.36926683312
 	6.576621657392239E+5        	4.609881153966114E+5        	1.014843224351076E+5        
 	7.076621657392239E+5        	4.686342488607839E+5        	1.083243224639738E+5        
 	7.576621657392239E+5        	4.762352918313965E+5        	1.152785495651383E+5        
 	8.076621657392239E+5        	4.838056494003385E+5        	1.223563850674215E+5        
 	8.576621657392239E+5        	4.913475373154357E+5        	1.295300483822816E+5        
 	9.076621657392239E+5        	4.988690340602398E+5        	1.367755468710471E+5        
 	9.576621657392239E+5        	5.063813216402233E+5        	1.441839452235645E+5        
 	1.007662165739224E+6        	5.138875645040199E+5        	1.515253695331049E+5        
 	1.057662165739224E+6        	5.21386281749621E+5        	1.590617840309073E+5        
 	1.107662165739224E+6        	5.288720168874636E+5        	1.664535926803378E+5        
 	1.157662165739224E+6        	5.363572415949553E+5        	1.738640572074214E+5        
 	1.207662165739224E+6        	5.438431717707887E+5        	1.812477996609297E+5        
 	1.257662165739224E+6        	5.5133020405709E+5        	1.886682912139966E+5        
 	1.307662165739224E+6        	5.588181640628651E+5        	1.960997035749167E+5        
 	1.357662165739224E+6        	5.662954563788101E+5        	2.035511676986132E+5        
 	1.407662165739224E+6        	5.737717477290481E+5        	2.110115922421251E+5        
 	1.457662165739224E+6        	5.812504163563401E+5        	2.186038115915334E+5        
 	1.507662165739224E+6        	5.887316906568109E+5        	2.260622350078786E+5        
 	1.557662165739224E+6        	5.962154636425301E+5        	2.3353801085745E+5        
 	1.607662165739224E+6        	6.037013821993917E+5        	2.411456815048674E+5        
 	1.657662165739224E+6        	6.111889154414833E+5        	2.486090582184496E+5        
 	1.707662165739224E+6        	6.186631472526565E+5        	2.56089237520821E+5        
 	1.757662165739224E+6        	6.26139203897275E+5        	2.635704051715066E+5        
 	1.807662165739224E+6        	6.336176215322316E+5        	2.710517775478337E+5        
 	1.857662165739224E+6        	6.410985278590247E+5        	2.785333337104877E+5        
 	1.907662165739224E+6        	6.485818726908119E+5        	2.86119853402113E+5        
 	1.957662165739224E+6        	6.560674669993296E+5        	2.936027437790671E+5        
 	2.007662165739223E+6        	6.635550144064352E+5        	3.012110538601324E+5        
 	2.057662165739223E+6        	6.71044136610441E+5        	3.0856736158367E+5        
 	2.107662165739223E+6        	6.785283726411685E+5        	3.16338647518176E+5        
 	2.157662165739223E+6        	6.860048806564212E+5        	3.236495628934189E+5        
 	2.207662165739222E+6        	6.934830993362963E+5        	3.312902339777204E+5        
 	2.307662165739222E+6        	7.084453433640376E+5        	3.462357826921447E+5        
 	2.407662165739222E+6        	7.234154416650161E+5        	3.611791138670197E+5        
 	2.507662165739222E+6        	7.383924867689386E+5        	3.762657808052537E+5        
 	2.607662165739221E+6        	7.533747447283268E+5        	3.911997069403316E+5        
 	2.707662165739221E+6        	7.683363480564356E+5        	4.06157073774971E+5        
 	2.80766216573922E+6        	7.832966791217476E+5        	4.211183868844632E+5        
 	2.90766216573922E+6        	7.982629756243005E+5        	4.363292892550963E+5        
 	3.007662165739219E+6        	8.132353286851943E+5        	4.5126838039036E+5        
 	3.107662165739219E+6        	8.282132156429216E+5        	4.662396718580043E+5        
 	3.207662165739219E+6        	8.431956696002781E+5        	4.814638025133358E+5        
 	3.307662165739218E+6        	8.581814086898416E+5        	4.963987025656178E+5        
 	3.407662165739218E+6        	8.731394271152392E+5        	5.113638705174405E+5        
 	3.507662165739217E+6        	8.881009937848002E+5        	5.263272899552885E+5        
 	3.607662165739216E+6        	9.030670859032124E+5        	5.412880835614158E+5        
 	3.707662165739217E+6        	9.180379174956307E+5        	5.562468124152012E+5        
 	3.807662165739217E+6        	9.330133521621712E+5        	5.71412562171785E+5        
 	3.907662165739218E+6        	9.479929806387723E+5        	5.863732069954166E+5        
 	4.007662165739218E+6        	9.629761832860336E+5        	6.014574271724403E+5        
 	4.107662165739219E+6        	9.779621804885753E+5        	6.161468869553915E+5        
 	4.207662165739219E+6        	9.929371825863421E+5        	6.314735524987284E+5        
 	4.30766216573922E+6        	1.007896827667385E+6        	6.466037151298358E+5        
 	4.40766216573922E+6        	1.022859583513506E+6        	6.617090061816592E+5        
 	4.557662165739221E+6        	1.045310372435954E+6        	6.838823873398498E+5        
 	4.707662165739222E+6        	1.067769469311521E+6        	7.06496031368034E+5        
 	4.857662165739222E+6        	1.090236459036503E+6        	7.29067883221681E+5        
 	5.007662165739222E+6        	1.112710285050921E+6        	7.516047691386065E+5        
 	5.157662165739223E+6        	1.135189422957353E+6        	7.739942116804016E+5        
 	5.307662165739223E+6        	1.157652563801028E+6        	7.964028903299213E+5        
 	5.457662165739224E+6        	1.180093419646289E+6        	8.188365593936612E+5        
 	5.607662165739225E+6        	1.202539981463779E+6        	8.412677316136927E+5        
 	5.757662165739225E+6        	1.224992939121731E+6        	8.640892631815122E+5        
 	5.907662165739226E+6        	1.247452453013107E+6        	8.865764217063094E+5        
 	6.057662165739227E+6        	1.26991826338866E+6        	9.088006933148536E+5        
 	6.207662165739227E+6        	1.292389779387239E+6        	9.312799017942377E+5        
 	6.357662165739228E+6        	1.314866151629444E+6        	9.541673511519783E+5        
 	6.507662165739229E+6        	1.337346331461243E+6        	9.767182971881079E+5        
 	6.70766216573923E+6        	1.367291585690465E+6        	1.006345488886064E+6        
 	6.907662165739231E+6        	1.397214269972127E+6        	1.036342728175316E+6        
 	7.107662165739231E+6        	1.427145231897317E+6        	1.066394823430876E+6        
 	7.307662165739232E+6        	1.457085313443523E+6        	1.096488875943428E+6        
 	7.507662165739233E+6        	1.487034564548604E+6        	1.126533935806762E+6        
 	7.707662165739234E+6        	1.516992416309774E+6        	1.156723160658552E+6        
 	7.907662165739235E+6        	1.54695782038274E+6        	1.186754872520604E+6        
 	8.107662165739236E+6        	1.576929361325588E+6        	1.216815882419177E+6        
 	8.307662165739236E+6        	1.606905347209312E+6        	1.246144219002916E+6        
 	8.507662165739236E+6        	1.636824773891661E+6        	1.276654002445704E+6        
 	8.707662165739238E+6        	1.666748728907328E+6        	1.306747795557531E+6        
 	8.957662165739238E+6        	1.704163067814503E+6        	1.34431721447909E+6        
 	9.20766216573924E+6        	1.741588719131146E+6        	1.380513533928157E+6        
 	9.457662165739242E+6        	1.779025715858657E+6        	1.417751010893116E+6        
 	9.707662165739242E+6        	1.816473339648593E+6        	1.454954169910887E+6        
 	9.957662165739244E+6        	1.853930289141223E+6        	0

