 	dTime	p-p@dt=0	Derivative
 	10	39222.33565545827	7035.86327733618
 	20	44289.93236888199	7586.130018027066
 	30	47431.10004778206	8155.093962725166
 	40	49860.45709638298	8867.275896024727
 	50	51912.29258292913	9592.379867194199
 	60	53720.36653947085	10279.61639610828
 	70	55352.24349025637	10916.35138221366
 	80	56848.10248319805	11503.30703201669
 	90	58234.26891551912	12044.97985704787
 	100.9816608871767	59652.07706444711	12594.2537053446
 	113.3032870614751	61134.20299945027	13161.97329787612
 	127.1283790160479	62682.73341545463	13747.50341432605
 	142.6403873215002	64299.68264222145	14351.18404902692
 	160.045146903503	65987.21566126496	14973.43096809997
 	179.5736083471991	67747.44253603369	15615.10505724606
 	201.4849024711505	69582.72647430003	16276.66083197186
 	226.0697788358621	71495.28219557555	16960.22735774353
 	253.6544638138007	73487.96314307302	17668.32667775966
 	284.604989415154	75563.56475821137	18403.27072693589
 	319.3320503102177	77725.47282689065	19166.95555580001
 	358.2964534981472	79976.91937229782	19962.64915909923
 	402.0152329358664	82322.04266393185	20793.9240186807
 	451.0685102645446	84764.89731932432	21664.19557622006
 	506.1071926713136	87310.40804248303	22577.03968605323
 	567.8616100321733	89963.45282182843	23535.550393815
 	637.1512059457233	92729.66879170388	24543.35690964309
 	714.8954112518524	95614.76959704608	25602.08979812431
 	802.1258443203698	98624.76782356948	26713.94477682209
 	899.9999999999986	1.017658826988638E+5        	27878.07375440187
 	1009.816608871766	1.050439315283969E+5        	29094.12788676566
 	1133.032870614749	1.084650532154366E+5        	30358.1594275842
 	1271.283790160477	1.120341560632661E+5        	31666.50364890612
 	1426.403873215	1.157565351403579E+5        	33012.1433333849
 	1600.451469035028	1.196354829759896E+5        	34387.99693050652
 	1795.736083471988	1.236746640513688E+5        	35784.8226518899
 	2014.849024711502	1.278752428953573E+5        	37193.03437070308
 	2260.697788358617	1.322386767018884E+5        	38602.5042016137
 	2536.544638138003	1.367637979680449E+5        	40002.55977121068
 	2846.049894151535	1.414496064829677E+5        	41383.70108440338
 	3193.320503102172	1.462927472890317E+5        	42736.24099514496
 	3582.964534981467	1.512899896275699E+5        	44051.7005290464
 	4020.152329358658	1.564360261849538E+5        	45320.48934494284
 	4510.68510264544	1.61725417944856E+5        	46537.39501616671
 	5061.071926713129	1.671516573880538E+5        	47697.32102921027
 	5678.616100321724	1.727081319826171E+5        	48797.52288954712
 	6371.512059457225	1.783877022661045E+5        	49835.77894976885
 	7148.954112518513	1.841832441533655E+5        	50810.00525384781
 	8021.258443203687	1.900871383333504E+5        	51716.60350538146
 	8999.999999999973	1.96091432182543E+5        	52557.19721253878
 	10098.16608871764	2.021888802164644E+5        	53334.00254195671
 	11330.32870614747	2.083720401028246E+5        	54050.4893185918
 	12712.83790160475	2.146344653138667E+5        	54712.07578741034
 	14264.03873214998	2.209699611143097E+5        	55319.15670108111
 	16004.51469035025	2.273721718715578E+5        	55868.45134216221
 	17957.36083471985	2.338341474372223E+5        	56365.68280932981
 	20148.49024711498	2.403508499708772E+5        	56820.17383159892
 	22606.97788358614	2.469174759618193E+5        	57234.60926614008
 	25365.44638137999	2.535296057808325E+5        	57609.49225153049
 	28460.4989415153	2.601825517691523E+5        	57949.14431398876
 	31933.20503102167	2.668728893657476E+5        	58259.06867409046
 	35829.64534981461	2.7359719807522E+5        	58542.75251093957
 	40201.52329358652	2.803528562892005E+5        	58803.70629379561
 	45106.85102645432	2.871372518277094E+5        	59044.67020300315
 	50106.85102645432	2.933553901607096E+5        	59248.83484138843
 	55106.85102645432	2.989997844935134E+5        	59418.6037874194
 	60106.85102645432	3.041675680966899E+5        	59567.01182980329
 	65106.85102645432	3.089327578857094E+5        	59691.13560931785
 	70106.85102645433	3.133540453256741E+5        	59792.19758321771
 	75106.85102645433	3.174768655563518E+5        	59875.03936948417
 	80106.85102645433	3.213383073145226E+5        	59939.70486130513
 	85106.85102645433	3.249693773889244E+5        	59986.58847398016
 	90106.85102645433	3.283956465742812E+5        	60017.39981493745
 	95106.85102645433	3.316378854365647E+5        	60027.73987946034
 	1.001068510264543E+5        	3.347142317749038E+5        	60027.31659767705
 	1.051068510264543E+5        	3.376402505483255E+5        	60009.87541661837
 	1.101068510264543E+5        	3.404292795361802E+5        	59989.60604223402
 	1.151068510264543E+5        	3.430933054947257E+5        	59961.32710442411
 	1.201068510264543E+5        	3.456426683679745E+5        	59920.61210320026
 	1.251068510264543E+5        	3.480864791822359E+5        	59872.69256748897
 	1.301068510264543E+5        	3.504328075345606E+5        	59821.64740511242
 	1.351068510264543E+5        	3.526875673795417E+5        	59770.54953826778
 	1.401068510264543E+5        	3.548580833845437E+5        	59720.1272307831
 	1.451068510264543E+5        	3.569509731161073E+5        	59672.27780508623
 	1.501068510264543E+5        	3.589716119413599E+5        	59620.37183584093
 	1.551068510264543E+5        	3.609248372232392E+5        	59573.46546904078
 	1.601068510264543E+5        	3.628150176343471E+5        	59526.92708400411
 	1.651068510264543E+5        	3.646461116748303E+5        	59488.94516195002
 	1.701068510264543E+5        	3.664188327863142E+5        	59460.88746935771
 	1.751068510264543E+5        	3.681392228822932E+5        	59440.96529889693
 	1.801068510264543E+5        	3.698110523779914E+5        	59429.33646440485
 	1.851068510264543E+5        	3.714372959210798E+5        	59426.66097801003
 	1.901068510264543E+5        	3.730206656160131E+5        	59440.00695089351
 	1.951068510264543E+5        	3.745636405987293E+5        	59448.3670023506
 	2.001068510264543E+5        	3.760684926078171E+5        	59484.53122889961
 	2.051068510264543E+5        	3.775373081796989E+5        	59511.92018362933
 	2.101068510264543E+5        	3.789708904124797E+5        	59576.7044600126
 	2.151068510264543E+5        	3.803692302803174E+5        	59623.42655116493
 	2.201068510264544E+5        	3.817372697190866E+5        	59715.9111142081
 	2.301068510264543E+5        	3.843892009277865E+5        	59897.6743637577
 	2.401068510264543E+5        	3.869388931152895E+5        	60130.51556374603
 	2.501068510264543E+5        	3.893967521331385E+5        	60428.55146752844
 	2.601068510264543E+5        	3.917717074265778E+5        	60762.68733857082
 	2.701068510264544E+5        	3.940660152009503E+5        	61151.47867011525
 	2.801068510264544E+5        	3.962908370885179E+5        	61590.35671987922
 	2.901068510264544E+5        	3.984550524959639E+5        	62109.78943575003
 	3.001068510264544E+5        	4.005645346809104E+5        	62645.25895195507
 	3.101068510264544E+5        	4.026243909498751E+5        	63235.37117340371
 	3.201068510264544E+5        	4.046390821572617E+5        	63898.78031829996
 	3.301068510264544E+5        	4.06612520712167E+5        	64568.11794023545
 	3.401068510264544E+5        	4.085429896091595E+5        	65282.4697513979
 	3.501068510264544E+5        	4.104389186239839E+5        	66034.99033011953
 	3.601068510264544E+5        	4.123038970741704E+5        	66823.60253890952
 	3.701068510264544E+5        	4.141407013918012E+5        	67646.9706322267
 	3.801068510264544E+5        	4.159517852379829E+5        	68518.67414321051
 	3.901068510264544E+5        	4.177393229979128E+5        	69437.48631901243
 	4.001068510264544E+5        	4.195052466096655E+5        	70381.85128544256
 	4.101068510264544E+5        	4.212512768717259E+5        	71300.86222238053
 	4.201068510264544E+5        	4.229775570771247E+5        	72300.97906998998
 	4.301068510264544E+5        	4.246844997636229E+5        	73368.13616855795
 	4.401068510264543E+5        	4.263760947239175E+5        	74421.88485789772
 	4.551068510264544E+5        	4.28887516593717E+5        	75980.12681919496
 	4.701068510264544E+5        	4.313711277293637E+5        	77649.74657867773
 	4.851068510264544E+5        	4.338301795178577E+5        	79365.06548231383
 	5.001068510264544E+5        	4.362674425802827E+5        	81118.40053467524
 	5.151068510264544E+5        	4.38685285031803E+5        	82889.23145866049
 	5.301068510264544E+5        	4.410842163135782E+5        	84696.97955803099
 	5.451068510264544E+5        	4.434652495961487E+5        	86539.68112992733
 	5.601068510264544E+5        	4.458326986664087E+5        	88412.21050735802
 	5.751068510264544E+5        	4.481881249546334E+5        	90362.00898717187
 	5.901068510264544E+5        	4.505328718076199E+5        	92286.46293579355
 	6.051068510264544E+5        	4.52868096311532E+5        	94250.076209776
 	6.201068510264544E+5        	4.551947960656211E+5        	96237.67846728909
 	6.351068510264544E+5        	4.575138317851052E+5        	98237.28084394163
 	6.501068510264544E+5        	4.598259464446157E+5        	1.002623182389694E+5        
 	6.651068510264544E+5        	4.621306479851082E+5        	1.023074900050248E+5        
 	6.851068510264544E+5        	4.65191905097656E+5        	1.050533622164346E+5        
 	7.051068510264544E+5        	4.682447410975397E+5        	1.077676561894646E+5        
 	7.251068510264544E+5        	4.712904078886434E+5        	1.105634689391471E+5        
 	7.451068510264544E+5        	4.743299343917146E+5        	1.133868753501397E+5        
 	7.651068510264544E+5        	4.773641637181714E+5        	1.162488249848729E+5        
 	7.851068510264544E+5        	4.803937838587388E+5        	1.190810294631114E+5        
 	8.051068510264544E+5        	4.834193531058207E+5        	1.219425669887057E+5        
 	8.251068510264544E+5        	4.864413211809173E+5        	1.248195387779639E+5        
 	8.451068510264544E+5        	4.894567978209332E+5        	1.276830173697765E+5        
 	8.651068510264544E+5        	4.924682112054601E+5        	1.305874988982848E+5        
 	8.851068510264544E+5        	4.954774495203495E+5        	1.334999733797583E+5        
 	9.101068510264544E+5        	4.99236517713204E+5        	1.370689959639928E+5        
 	9.351068510264541E+5        	5.029933725345954E+5        	1.406208805483686E+5        
 	9.601068510264537E+5        	5.067484525648579E+5        	1.44249493911558E+5        
 	9.851068510264531E+5        	5.10502073151961E+5        	0

